41 1000
0 0 35 35 0 0 1000 0 0 0
1 27 35 40 16 5 612 10 0 47
2 69 37 47 6 12 535 10 0 34
3 31 31 52 27 91 336 10 0 19
4 88 26 52 9 114 553 10 0 20
5 62 24 58 19 25 583 10 0 50
6 11 20 65 12 33 510 10 0 63
7 64 15 77 9 46 523 10 0 77
8 90 31 67 3 345 534 10 0 24
9 30 40 60 21 115 498 10 0 33
10 51 49 58 10 296 505 10 0 81
11 71 57 68 15 218 417 10 0 9
12 3 55 45 13 498 613 10 0 54
13 79 57 48 23 273 580 10 0 25
14 78 61 52 3 212 671 10 0 65
15 35 63 65 8 439 948 10 0 68
16 66 49 73 25 440 845 10 0 70
17 1 41 49 10 636 919 10 0 55
18 80 56 37 6 452 968 10 0 56
19 4 55 20 19 470 965 10 0 74
20 58 36 26 18 458 980 0 0 102
21 47 8 56 -16 34 362 10 27 0
22 34 65 55 -6 487 656 10 69 0
23 19 15 60 -27 215 432 10 31 0
24 20 45 65 -9 538 709 10 88 0
25 50 47 47 -19 499 690 10 62 0
26 63 27 69 -12 34 348 10 11 0
27 77 53 43 -9 430 970 10 64 0
28 24 65 35 -3 633 918 10 90 0
29 33 53 52 -21 24 646 10 30 0
30 81 55 54 -10 388 479 10 51 0
31 9 55 60 -15 254 643 10 71 0
32 54 57 29 -13 595 780 10 3 0
33 25 65 20 -23 400 956 10 79 0
34 65 62 77 -3 49 608 10 78 0
35 68 56 39 -8 464 925 10 35 0
36 70 37 56 -25 249 968 10 66 0
37 55 63 23 -10 442 917 10 1 0
38 56 53 12 -6 426 851 10 80 0
39 74 46 13 -19 479 965 10 4 0
40 102 36 26 -18 458 980 10 58 0

