41 1000
0 0 35 35 0 0 1000 0 0 0
1 27 35 40 16 44 315 10 0 48
2 52 27 43 9 11 748 10 0 19
3 7 20 50 5 72 669 10 0 96
4 36 2 60 5 41 328 10 0 82
5 47 8 56 27 34 602 10 0 6
6 18 20 40 12 229 582 10 0 21
7 83 14 37 11 21 842 10 0 50
8 45 6 38 16 29 309 10 0 86
9 38 5 5 16 298 409 10 0 16
10 44 11 14 18 230 343 10 0 40
11 59 21 24 28 17 972 10 0 94
12 99 20 26 9 328 437 10 0 22
13 87 28 18 26 397 470 10 0 73
14 53 37 31 14 403 500 10 0 72
15 41 42 7 5 336 571 10 0 77
16 74 46 13 8 681 802 10 0 25
17 56 53 12 6 525 752 0 0 101
18 4 55 20 19 679 800 10 0 55
19 54 57 29 18 475 900 10 0 24
20 1 41 49 10 190 974 10 0 70
21 48 13 52 -16 200 962 10 27 0
22 19 15 60 -9 95 552 10 52 0
23 96 22 27 -5 344 953 10 7 0
24 82 15 47 -5 23 761 10 36 0
25 6 25 30 -27 355 574 10 47 0
26 21 45 20 -12 18 727 10 18 0
27 50 47 47 -11 272 917 10 83 0
28 86 4 18 -16 230 623 10 45 0
29 16 10 20 -16 102 543 10 38 0
30 40 40 25 -18 300 497 10 44 0
31 94 26 27 -28 190 749 10 59 0
32 22 45 10 -9 349 554 10 99 0
33 73 44 17 -26 143 564 10 87 0
34 72 47 16 -14 22 915 10 53 0
35 77 53 43 -5 821 948 10 41 0
36 25 65 20 -8 826 956 10 74 0
37 101 53 12 -6 525 752 10 56 0
38 55 63 23 -19 620 739 10 4 0
39 24 65 35 -18 435 960 10 54 0
40 70 37 56 -10 668 968 10 1 0

