33 700
0 0 70 70 0 0 3598 0 0 0
1 28 76 65 40 7 887 90 0 116
2 196 80 63 20 12 892 90 0 107
3 142 87 63 30 18 898 90 0 35
4 15 101 68 10 557 1437 90 0 89
5 65 104 82 30 264 1144 90 0 47
6 183 106 81 20 172 1052 90 0 189
7 3 111 78 10 661 1541 90 0 44
8 199 129 77 10 769 1649 90 0 79
9 175 103 55 20 1078 1958 90 0 179
10 155 101 59 30 1173 2053 90 0 54
11 9 99 53 20 1457 2337 90 0 4
12 147 104 51 20 2056 2936 90 0 156
13 19 98 46 20 1554 2434 90 0 186
14 146 103 33 10 1658 2538 90 0 197
15 161 116 34 20 1856 2736 90 0 195
16 23 94 59 30 2602 3482 90 0 11
17 116 95 68 -40 461 1341 90 28 0
18 107 91 71 -20 21 901 90 196 0
19 35 98 75 -30 363 1243 90 142 0
20 89 96 55 -10 1269 2149 90 15 0
21 47 117 55 -30 974 1854 90 65 0
22 189 123 64 -20 874 1754 90 183 0
23 44 115 41 -10 2328 3208 90 3 0
24 79 111 70 -10 2350 3230 90 199 0
25 179 94 56 -20 1361 2241 90 175 0
26 54 105 49 -30 1964 2844 90 155 0
27 4 96 62 -20 2457 3337 90 9 0
28 156 113 67 -20 2256 3136 90 147 0
29 186 101 32 -20 1751 2631 90 19 0
30 197 113 36 -10 2232 3112 90 146 0
31 195 114 63 -20 2162 3042 90 161 0
32 11 93 61 -30 2550 3430 90 23 0

