33 700
0 0 70 70 0 0 3598 0 0 0
1 171 61 66 10 9 889 90 0 173
2 63 60 66 30 10 890 90 0 162
3 99 49 70 20 156 1036 90 0 58
4 70 48 72 20 248 1128 90 0 160
5 46 44 82 20 442 1322 90 0 32
6 94 45 68 30 61 941 90 0 92
7 30 44 62 30 757 1637 90 0 82
8 60 41 64 20 663 1543 90 0 187
9 73 25 46 20 953 1833 90 0 165
10 16 49 48 10 1043 1923 90 0 122
11 133 46 52 10 948 1828 90 0 108
12 61 56 56 40 1143 2023 90 0 72
13 62 80 40 20 1352 2232 90 0 7
14 24 64 59 10 1560 2440 90 0 49
15 117 58 85 10 1950 2830 90 0 17
16 170 64 89 10 2331 3211 90 0 66
17 173 47 63 -10 24 904 90 171 0
18 162 45 71 -30 341 1221 90 63 0
19 58 67 84 -20 2517 3397 90 99 0
20 160 59 77 -20 1852 2732 90 70 0
21 32 27 44 -20 1046 1926 90 46 0
22 92 57 70 -30 1663 2543 90 94 0
23 82 57 87 -30 2042 2922 90 30 0
24 187 25 66 -20 557 1437 90 60 0
25 165 64 88 -20 2422 3302 90 73 0
26 122 74 56 -10 1459 2339 90 16 0
27 108 47 57 -10 853 1733 90 133 0
28 72 60 52 -40 1239 2119 90 61 0
29 7 60 89 -20 2237 3117 90 62 0
30 49 57 77 -10 1760 2640 90 24 0
31 17 56 95 -10 2140 3020 90 117 0
32 66 64 78 -10 2614 3494 90 170 0

