29 700
0 0 70 70 0 0 3598 0 0 0
1 171 61 66 10 132 292 90 0 92
2 63 60 66 30 223 383 90 0 72
3 99 49 70 20 0 3487 90 0 61
4 94 45 68 30 421 581 90 0 173
5 70 48 72 20 608 768 90 0 58
6 162 45 71 10 701 861 90 0 30
7 60 41 64 20 1023 1183 90 0 16
8 108 47 57 30 1213 1373 90 0 24
9 133 46 52 10 1308 1468 90 0 7
10 160 59 77 20 2212 2372 90 0 170
11 117 58 85 10 2310 2470 0 0 201
12 82 57 87 10 2402 2562 90 0 17
13 165 64 88 30 2782 2942 90 0 66
14 52 62 73 20 3070 3230 90 0 105
15 92 57 70 -10 2023 2183 90 171 0
16 72 60 52 -30 0 3488 90 63 0
17 61 56 56 -20 0 3489 90 99 0
18 173 47 63 -30 0 3484 90 94 0
19 58 67 84 -20 2877 3037 90 70 0
20 30 44 62 -10 0 3481 90 162 0
21 16 49 48 -20 1403 1563 90 60 0
22 24 64 59 -30 1920 2080 90 108 0
23 7 60 89 -10 2597 2757 90 133 0
24 170 64 89 -20 2691 2851 90 160 0
25 201 58 85 -10 2310 2470 90 117 0
26 17 56 95 -10 2500 2660 90 82 0
27 66 64 78 -30 2974 3134 90 165 0
28 105 65 73 -20 3163 3323 90 52 0

