29 700
0 0 150 150 0 0 3815 0 0 0
1 469 149 130 10 20 180 90 0 225
2 559 158 136 10 41 201 90 0 52
3 203 171 143 20 146 306 90 0 35
4 542 171 141 30 238 398 90 0 420
5 280 169 134 20 335 495 90 0 241
6 562 176 117 40 633 793 90 0 397
7 441 178 118 30 726 886 90 0 160
8 488 182 130 10 920 1080 90 0 575
9 269 196 129 20 1024 1184 90 0 428
10 164 201 154 40 1139 1299 90 0 177
11 599 187 165 10 1342 1502 90 0 165
12 258 184 163 30 1436 1596 90 0 180
13 306 176 140 20 2127 2287 90 0 107
14 305 172 148 20 2496 2656 90 0 492
15 225 182 144 -10 1742 1902 90 469 0
16 52 170 116 -10 443 603 90 559 0
17 35 177 114 -20 540 700 90 203 0
18 420 175 142 -30 2219 2379 90 542 0
19 241 177 132 -20 2028 2188 90 280 0
20 397 178 127 -40 825 985 90 562 0
21 160 189 138 -30 1643 1803 90 441 0
22 575 191 151 -10 1540 1700 90 488 0
23 428 192 152 -20 1238 1398 90 269 0
24 177 172 146 -40 2404 2564 90 164 0
25 165 183 140 -10 1836 1996 90 599 0
26 180 176 136 -30 1934 2094 90 258 0
27 107 173 144 -20 2312 2472 90 306 0
28 492 163 150 -20 2792 2952 90 305 0

