37 700
0 0 70 70 0 0 3598 0 0 0
1 104 13 80 30 57 937 90 0 164
2 64 16 90 20 57 937 90 0 137
3 198 15 94 30 60 940 90 0 113
4 174 19 96 10 94 974 90 0 114
5 26 20 108 10 379 1259 90 0 53
6 140 20 109 10 288 1168 90 0 84
7 115 18 107 10 195 1075 90 0 88
8 18 14 107 20 475 1355 90 0 57
9 131 7 92 20 768 1648 90 0 192
10 169 8 102 10 868 1748 90 0 180
11 27 10 118 20 1156 2036 90 0 55
12 56 4 137 30 1358 2238 90 0 124
13 185 14 133 30 1458 2338 90 0 157
14 37 19 116 10 1656 2536 90 0 1
15 123 24 105 10 1758 2638 90 0 85
16 121 26 104 10 1851 2731 90 0 111
17 135 37 111 20 2352 3232 90 0 176
18 34 26 91 10 2580 3460 0 0 201
19 164 15 96 -30 60 940 90 104 0
20 137 20 93 -20 55 935 90 64 0
21 113 3 98 -30 671 1551 90 198 0
22 114 35 88 -10 2589 3469 90 174 0
23 53 6 121 -10 1251 2131 90 26 0
24 84 7 113 -10 1061 1941 90 140 0
25 88 51 115 -10 2247 3127 90 115 0
26 57 11 100 -20 573 1453 90 18 0
27 192 10 105 -20 962 1842 90 131 0
28 180 18 123 -10 1559 2439 90 169 0
29 55 28 115 -20 2044 2924 90 27 0
30 124 30 106 -30 1945 2825 90 56 0
31 157 25 94 -30 2577 3457 90 185 0
32 1 38 105 -10 2448 3328 90 37 0
33 85 37 115 -10 2143 3023 90 123 0
34 111 26 102 -10 2550 3430 90 121 0
35 176 36 94 -20 2587 3467 90 135 0
36 201 26 91 -10 2580 3460 90 34 0

