37 700
0 0 70 70 0 0 3598 0 0 0
1 104 13 80 30 57 217 90 0 157
2 64 16 90 20 78 238 90 0 131
3 137 20 93 10 173 333 90 0 26
4 198 15 94 30 268 428 90 0 124
5 164 15 96 10 360 520 90 0 56
6 174 19 96 10 454 614 90 0 37
7 115 18 107 10 555 715 90 0 180
8 140 20 109 10 648 808 90 0 27
9 18 14 107 20 835 995 90 0 57
10 113 3 98 10 1031 1191 90 0 121
11 169 8 102 10 1228 1388 90 0 1
12 192 10 105 20 1322 1482 90 0 176
13 84 7 113 10 1421 1581 90 0 123
14 53 6 121 20 1611 1771 90 0 34
15 185 14 133 30 1818 1978 90 0 88
16 55 28 115 10 2404 2564 90 0 111
17 85 37 115 20 2503 2663 90 0 114
18 135 37 111 20 2712 2872 90 0 68
19 157 25 94 -30 3008 3168 90 104 0
20 131 7 92 -20 1128 1288 90 64 0
21 26 20 108 -10 739 899 90 137 0
22 124 30 106 -30 2305 2465 90 198 0
23 56 4 137 -10 1718 1878 90 164 0
24 37 19 116 -10 2016 2176 90 174 0
25 180 18 123 -10 1919 2079 90 115 0
26 27 10 118 -10 1516 1676 90 140 0
27 57 11 100 -20 933 1093 90 18 0
28 121 26 104 -10 2211 2371 90 113 0
29 1 38 105 -10 2808 2968 90 169 0
30 176 36 94 -20 3202 3362 90 192 0
31 123 24 105 -10 2118 2278 90 84 0
32 34 26 91 -20 3101 3261 90 53 0
33 88 51 115 -30 2607 2767 90 185 0
34 111 26 102 -10 2910 3070 90 55 0
35 114 35 88 -20 3298 3458 90 85 0
36 68 46 80 -20 3322 3482 90 135 0

