27 700
0 0 150 150 0 0 3815 0 0 0
1 559 158 136 10 16 336 90 0 241
2 280 169 134 20 255 575 90 0 488
3 52 170 116 20 363 683 90 0 562
4 243 236 65 40 433 753 90 0 164
5 35 177 114 10 460 780 90 0 397
6 441 178 118 30 646 966 90 0 575
7 269 196 129 20 944 1264 90 0 428
8 225 182 144 20 1662 1982 90 0 107
9 165 183 140 10 1756 2076 0 0 601
10 160 189 138 20 1563 1883 90 0 180
11 306 176 140 20 2047 2367 90 0 118
12 420 175 142 10 2139 2459 90 0 177
13 305 172 148 20 2416 2736 90 0 238
14 241 177 132 -10 1948 2268 90 559 0
15 488 182 130 -20 840 1160 90 280 0
16 562 176 117 -20 553 873 90 52 0
17 164 201 154 -40 1059 1379 90 243 0
18 397 178 127 -10 745 1065 90 35 0
19 575 191 151 -30 1460 1780 90 441 0
20 428 192 152 -20 1158 1478 90 269 0
21 107 173 144 -20 2232 2552 90 225 0
22 601 183 140 -10 1756 2076 90 165 0
23 180 176 136 -20 1854 2174 90 160 0
24 118 153 144 -20 2911 3231 90 306 0
25 177 172 146 -10 2324 2644 90 420 0
26 238 162 141 -20 2811 3131 90 305 0

