27 700
0 0 100 100 0 0 3693 0 0 0
1 262 89 80 20 22 662 90 0 115
2 293 87 67 30 698 1338 90 0 120
3 182 89 68 10 790 1430 90 0 274
4 124 83 74 40 888 1528 90 0 268
5 18 79 70 20 599 1239 90 0 364
6 140 75 61 20 499 1139 90 0 92
7 250 68 69 30 994 1634 90 0 308
8 299 33 73 20 1417 2057 90 0 19
9 196 29 75 20 1435 2075 90 0 307
10 26 42 75 20 1332 1972 90 0 319
11 59 59 98 10 1562 2202 90 0 259
12 38 79 84 10 2229 2869 90 0 88
13 16 87 87 10 2419 3059 0 0 405
14 115 90 74 -20 27 667 90 262 0
15 120 67 60 -30 1212 1852 90 293 0
16 274 49 64 -10 1104 1744 90 182 0
17 268 30 75 -40 1324 1964 90 124 0
18 364 81 83 -20 2321 2961 90 18 0
19 92 77 86 -20 2136 2776 90 140 0
20 308 67 97 -30 1848 2488 90 250 0
21 19 67 102 -20 1661 2301 90 299 0
22 307 67 89 -20 1946 2586 90 196 0
23 319 69 99 -20 1755 2395 90 26 0
24 259 70 89 -10 2039 2679 90 59 0
25 88 82 88 -10 2514 3154 90 38 0
26 405 87 87 -10 2419 3059 90 16 0

