35 700
0 0 70 70 0 0 3598 0 0 0
1 136 75 64 20 7 887 90 0 194
2 188 78 61 40 12 892 90 0 20
3 144 80 22 10 49 929 90 0 6
4 42 77 15 10 55 935 90 0 2
5 110 96 23 30 53 933 90 0 126
6 184 98 28 10 50 930 90 0 143
7 148 103 19 30 114 994 90 0 29
8 138 94 1 10 406 1286 90 0 71
9 128 106 5 30 695 1575 90 0 90
10 25 112 3 10 985 1865 90 0 83
11 48 116 10 20 796 1676 90 0 5
12 145 117 10 10 887 1767 90 0 127
13 193 128 0 10 1182 2062 90 0 80
14 190 126 20 20 1757 2637 90 0 106
15 158 120 20 20 1944 2824 90 0 101
16 91 116 23 20 2129 3009 90 0 159
17 14 98 36 10 2584 3464 90 0 36
18 194 130 16 -20 1662 2542 90 136 0
19 20 131 4 -40 1277 2157 90 188 0
20 6 94 18 -10 57 937 90 144 0
21 2 100 5 -10 308 1188 90 42 0
22 126 106 0 -30 600 1480 90 110 0
23 143 101 4 -10 503 1383 90 184 0
24 29 103 12 -30 211 1091 90 148 0
25 71 121 9 -10 1379 2259 90 138 0
26 90 112 2 -30 1076 1956 90 128 0
27 83 102 33 -10 2580 3460 90 25 0
28 5 122 11 -20 1562 2442 90 48 0
29 127 120 10 -10 1470 2350 90 145 0
30 80 123 19 -10 1851 2731 90 193 0
31 106 109 25 -20 2435 3315 90 190 0
32 101 119 20 -20 2035 2915 90 158 0
33 159 105 26 -20 2529 3409 90 91 0
34 36 69 48 -10 2606 3486 90 14 0

