35 700
0 0 70 70 0 0 3598 0 0 0
1 67 47 36 20 41 921 90 0 93
2 132 50 29 10 45 925 90 0 12
3 10 26 24 20 63 943 90 0 112
4 153 26 23 50 64 944 90 0 129
5 59 23 22 20 67 947 90 0 45
6 86 17 25 10 94 974 90 0 109
7 118 11 23 10 281 1161 90 0 120
8 182 12 31 20 379 1259 90 0 50
9 77 15 30 20 565 1445 90 0 95
10 33 21 28 40 662 1542 90 0 141
11 13 25 31 20 757 1637 90 0 125
12 96 38 16 10 1256 2136 90 0 152
13 139 41 12 10 1351 2231 90 0 105
14 103 29 10 30 1453 2333 90 0 74
15 100 24 19 10 1734 2614 90 0 52
16 81 17 18 30 1831 2711 90 0 149
17 130 9 9 10 1933 2813 90 0 68
18 93 15 23 -20 187 1067 90 67 0
19 12 27 32 -10 849 1729 90 132 0
20 112 4 15 -20 2031 2911 90 10 0
21 129 30 58 -50 2587 3467 90 153 0
22 45 12 33 -20 471 1351 90 59 0
23 109 9 42 -10 2329 3209 90 86 0
24 120 3 17 -10 2123 3003 90 118 0
25 50 29 36 -20 1144 2024 90 182 0
26 95 19 41 -20 2570 3450 90 77 0
27 141 28 14 -40 1547 2427 90 33 0
28 125 4 33 -20 2229 3109 90 13 0
29 152 10 50 -10 2523 3403 90 96 0
30 105 65 73 -10 2623 3503 90 139 0
31 74 26 15 -30 1639 2519 90 103 0
32 52 62 73 -10 2620 3500 90 100 0
33 149 7 52 -30 2430 3310 90 81 0
34 68 46 80 -10 2602 3482 90 130 0

