43 1000
0 0 35 35 0 0 1000 0 0 0
1 5 15 30 26 20 260 10 0 53
2 83 14 37 11 53 293 10 0 40
3 45 6 38 16 29 269 10 0 57
4 82 15 47 16 106 346 10 0 4
5 47 8 56 27 48 288 10 0 62
6 36 2 60 5 41 281 10 0 1
7 64 15 77 9 154 394 10 0 56
8 63 27 69 10 34 274 10 0 19
9 11 20 65 12 146 386 10 0 24
10 7 20 50 5 251 491 10 0 99
11 88 26 52 9 214 454 10 0 94
12 31 31 52 27 94 334 10 0 73
13 69 37 47 6 108 348 10 0 52
14 18 20 40 12 286 526 10 0 74
15 6 25 30 3 345 585 10 0 22
16 41 42 7 5 334 574 10 0 43
17 25 65 20 6 716 956 10 0 55
18 54 57 29 18 568 808 10 0 80
19 68 56 39 36 575 815 0 0 102
20 77 53 43 14 730 970 10 0 70
21 48 13 52 36 720 960 10 0 89
22 53 37 31 -26 332 572 10 5 0
23 40 40 25 -11 279 519 10 83 0
24 57 32 12 -16 356 596 10 45 0
25 4 55 20 -16 620 860 10 82 0
26 62 24 58 -27 113 353 10 47 0
27 1 41 49 -5 658 898 10 36 0
28 56 53 12 -9 519 759 10 64 0
29 19 15 60 -10 204 444 10 63 0
30 24 65 35 -12 656 896 10 11 0
31 99 20 26 -5 263 503 10 7 0
32 94 26 27 -9 350 590 10 88 0
33 73 44 17 -27 234 474 10 31 0
34 52 27 43 -6 117 357 10 69 0
35 74 46 13 -12 622 862 10 18 0
36 22 45 10 -3 332 572 10 6 0
37 43 23 3 -5 543 783 10 41 0
38 55 63 23 -6 560 800 10 25 0
39 80 56 37 -18 728 968 10 54 0
40 102 56 39 -36 575 815 10 68 0
41 70 37 56 -14 728 968 10 77 0
42 89 26 35 -36 718 958 10 48 0

