43 1000
0 0 70 70 0 0 2535 0 0 0
1 153 67 55 10 0 2510 10 0 197
2 47 66 40 20 61 181 10 0 186
3 6 61 54 10 161 281 0 0 203
4 63 44 36 9 191 311 10 0 26
5 149 41 36 13 206 326 10 0 172
6 120 36 38 5 0 2479 10 0 42
7 181 1 34 20 251 371 10 0 46
8 122 4 30 40 0 2448 10 0 10
9 35 2 28 10 316 436 10 0 5
10 164 0 27 30 365 485 10 0 135
11 104 1 24 10 417 537 10 0 193
12 62 16 38 20 368 488 10 0 146
13 159 18 38 30 459 579 10 0 103
14 170 15 4 23 403 523 10 0 110
15 19 15 9 2 0 2443 10 0 200
16 25 4 23 10 470 590 10 0 36
17 77 4 28 10 576 696 10 0 83
18 20 19 37 20 505 625 10 0 93
19 138 20 39 10 597 717 10 0 185
20 73 30 21 12 1290 1410 10 0 141
21 39 61 34 7 1890 2010 0 0 201
22 197 17 43 -10 267 387 10 153 0
23 186 22 38 -20 646 766 10 47 0
24 203 61 54 -10 161 281 10 6 0
25 26 17 37 -9 413 533 10 63 0
26 172 21 44 -13 211 331 10 149 0
27 42 21 48 -5 155 275 10 120 0
28 46 19 39 -20 553 673 10 181 0
29 10 6 25 -40 0 2447 10 122 0
30 5 16 39 -10 0 2463 10 35 0
31 135 23 39 -30 0 2469 10 164 0
32 193 15 18 -10 1600 1720 10 104 0
33 146 33 0 -20 1930 2050 10 62 0
34 103 69 6 -30 0 2461 10 159 0
35 110 92 22 -23 0 2473 10 170 0
36 200 60 23 -2 0 2477 10 19 0
37 36 88 29 -10 0 2481 10 25 0
38 83 101 0 -10 1992 2112 10 77 0
39 93 39 13 -20 0 2461 10 20 0
40 185 13 48 -10 1682 1802 10 138 0
41 141 4 44 -12 1662 1782 10 73 0
42 201 61 34 -7 1890 2010 10 39 0

