25 700
0 0 150 150 0 0 3815 0 0 0
1 116 207 183 30 65 625 90 0 85
2 352 209 184 20 68 687 90 0 289
3 209 204 189 20 105 597 90 0 510
4 594 205 191 20 184 703 90 0 386
5 200 212 190 10 354 726 90 0 521
6 504 219 174 30 464 1021 90 0 428
7 346 220 171 10 580 1090 90 0 575
8 74 222 160 20 735 1137 90 0 582
9 51 224 155 20 812 1251 90 0 113
10 249 223 177 10 1052 1615 90 0 568
11 164 201 154 40 1012 1427 90 0 350
12 476 202 169 20 1870 2283 90 0 254
13 85 190 157 -30 1623 1943 90 116 0
14 289 196 158 -20 1585 2174 90 352 0
15 510 226 164 -20 1049 1411 90 209 0
16 386 195 168 -20 1721 2239 90 594 0
17 521 220 187 -10 375 904 90 200 0
18 428 192 152 -30 1064 1572 90 504 0
19 575 191 151 -10 1350 1889 90 346 0
20 582 204 171 -20 1981 2358 90 74 0
21 113 233 160 -20 832 1433 90 51 0
22 568 208 174 -10 2003 2527 90 249 0
23 350 209 173 -40 2089 2623 90 164 0
24 254 162 157 -20 2498 3052 90 476 0

