25 200
0 0 70 70 0 0 634 0 0 0
1 155 81 57 8 17 27 10 0 25
2 135 58 11 9 0 564 10 0 133
3 199 69 6 8 93 103 10 0 109
4 93 65 0 20 0 554 10 0 180
5 28 90 14 31 0 565 10 0 182
6 80 92 22 18 0 572 10 0 157
7 27 101 0 9 0 548 10 0 64
8 195 105 2 1 0 548 10 0 75
9 117 116 13 5 0 551 10 0 61
10 36 108 30 18 0 569 10 0 91
11 137 104 32 18 0 574 10 0 55
12 7 86 40 22 0 590 10 0 41
13 25 107 25 -8 0 566 10 155 0
14 133 98 4 -9 0 553 10 135 0
15 109 83 12 -8 240 250 10 199 0
16 180 106 10 -20 0 555 10 93 0
17 182 89 24 -31 0 575 10 28 0
18 157 66 40 -18 0 594 10 80 0
19 64 97 12 -9 0 561 10 27 0
20 75 88 29 -1 570 580 10 195 0
21 61 112 13 -5 0 554 10 117 0
22 91 83 38 -18 0 590 10 36 0
23 55 89 39 -18 0 588 10 137 0
24 41 81 36 -22 0 589 10 7 0

