31 700
0 0 70 70 0 0 3598 0 0 0
1 200 85 85 20 0 3487 90 0 41
2 51 90 91 10 0 3479 90 0 147
3 21 94 89 20 0 3478 90 0 15
4 65 104 82 30 0 3472 90 0 183
5 35 98 75 10 0 3480 90 0 9
6 107 91 71 10 0 3487 90 0 4
7 116 95 68 20 821 981 90 0 54
8 179 94 56 30 0 3481 90 0 89
9 155 101 59 30 1533 1693 90 0 23
10 175 103 55 20 0 3472 90 0 47
11 197 113 36 10 0 3454 90 0 83
12 161 116 34 20 0 3450 90 0 142
13 44 115 41 20 2688 2848 90 0 196
14 146 103 33 10 0 3459 90 0 11
15 186 101 32 20 0 3459 90 0 28
16 41 91 91 -20 0 3479 90 200 0
17 147 104 51 -10 0 3470 90 51 0
18 15 101 68 -20 0 3477 90 21 0
19 183 106 81 -30 0 3471 90 65 0
20 9 99 53 -10 0 3475 90 35 0
21 4 96 62 -10 0 3481 90 107 0
22 54 105 49 -20 2324 2484 90 116 0
23 89 96 55 -30 0 3478 90 179 0
24 23 94 59 -30 3002 3162 90 155 0
25 47 117 55 -20 0 3459 90 175 0
26 83 102 33 -10 2987 3147 90 197 0
27 142 87 63 -20 0 3490 90 161 0
28 196 80 63 -20 0 3496 90 44 0
29 11 93 61 -10 0 3484 90 146 0
30 28 76 65 -20 0 3501 90 186 0

