31 700
0 0 70 70 0 0 3598 0 0 0
1 171 61 66 10 69 354 90 0 160
2 63 60 66 30 129 477 90 0 49
3 173 47 63 30 260 551 90 0 162
4 94 45 68 30 205 798 90 0 60
5 99 49 70 20 295 897 90 0 16
6 70 48 72 20 474 901 90 0 108
7 46 44 82 20 627 1137 90 0 187
8 30 44 62 30 963 1430 90 0 24
9 133 46 52 10 1117 1658 90 0 61
10 72 60 52 20 1437 1921 90 0 58
11 62 80 40 20 1545 2040 90 0 122
12 92 57 70 10 1834 2372 90 0 66
13 117 58 85 10 2179 2600 90 0 170
14 82 57 87 10 2258 2707 90 0 17
15 7 60 89 10 2357 2998 90 0 165
16 160 59 77 -10 2071 2513 90 171 0
17 49 57 77 -30 1933 2467 90 63 0
18 162 45 71 -30 458 1105 90 173 0
19 60 41 64 -30 807 1400 90 94 0
20 16 49 48 -20 1216 1749 90 99 0
21 108 47 57 -20 1006 1579 90 70 0
22 187 25 66 -20 758 1235 90 46 0
23 24 64 59 -30 1747 2253 90 30 0
24 61 56 56 -10 1327 1840 90 133 0
25 58 67 84 -20 2676 3238 90 72 0
26 122 74 56 -20 1628 2170 90 62 0
27 66 64 78 -10 2809 3300 90 92 0
28 170 64 89 -10 2458 3084 90 117 0
29 17 56 95 -10 2361 2800 90 82 0
30 165 64 88 -10 2627 3098 90 7 0

