39 700
0 0 100 100 0 0 3693 0 0 0
1 383 139 102 10 39 199 90 0 329
2 252 146 113 20 62 222 90 0 271
3 147 155 108 20 162 322 90 0 52
4 341 158 122 30 267 427 90 0 373
5 269 160 137 10 462 622 90 0 335
6 388 156 135 20 741 901 90 0 208
7 69 150 135 20 837 997 90 0 6
8 249 148 139 20 932 1092 90 0 41
9 197 143 140 10 1027 1187 90 0 398
10 93 142 141 20 1118 1278 90 0 241
11 11 146 157 40 1591 1751 90 0 258
12 280 153 161 20 1689 1849 90 0 343
13 148 152 149 20 1791 1951 90 0 312
14 116 165 151 20 1894 2054 90 0 70
15 118 177 122 30 2410 2570 90 0 130
16 86 164 124 20 2605 2765 0 0 403
17 270 150 130 20 2800 2960 90 0 40
18 247 143 135 10 2989 3149 90 0 109
19 131 139 131 20 3178 3338 90 0 164
20 329 160 136 -10 371 531 90 383 0
21 271 156 137 -20 649 809 90 252 0
22 52 163 125 -20 2696 2856 90 147 0
23 373 145 144 -30 1305 1465 90 341 0
24 335 161 139 -10 554 714 90 269 0
25 208 149 149 -20 1492 1652 90 388 0
26 6 147 134 -20 2895 3055 90 69 0
27 41 170 156 -20 2085 2245 90 249 0
28 398 146 142 -10 1213 1373 90 197 0
29 241 149 146 -20 1399 1559 90 93 0
30 258 165 157 -40 1990 2150 90 11 0
31 343 180 126 -20 2315 2475 90 280 0
32 312 190 122 -20 2215 2375 90 148 0
33 70 136 134 -20 3273 3433 90 116 0
34 130 168 126 -30 2510 2670 90 118 0
35 403 164 124 -20 2605 2765 90 86 0
36 40 138 135 -20 3084 3244 90 270 0
37 109 119 130 -10 3405 3565 90 247 0
38 164 138 132 -20 3296 3456 90 131 0

