39 700
0 0 100 100 0 0 3693 0 0 0
1 162 82 100 10 18 594 90 0 189
2 325 55 97 20 45 538 90 0 145
3 21 45 88 30 56 586 90 0 34
4 240 38 94 10 78 418 90 0 284
5 154 32 93 20 86 601 90 0 310
6 275 39 99 20 597 1011 90 0 352
7 357 40 101 10 376 891 90 0 80
8 2 42 100 30 493 958 0 0 405
9 370 43 98 30 569 1066 90 0 153
10 212 42 105 20 963 1426 90 0 237
11 151 36 107 20 1003 1580 90 0 87
12 283 33 103 10 1177 1596 90 0 158
13 260 25 101 10 1207 1762 90 0 303
14 200 17 99 20 1576 1969 90 0 76
15 226 20 92 20 1813 2108 90 0 215
16 273 13 90 20 1943 2494 90 0 318
17 261 6 95 10 2094 2539 90 0 368
18 30 27 89 10 2313 2981 90 0 207
19 396 82 104 10 2887 3585 90 0 150
20 189 36 96 -10 255 818 90 162 0
21 145 40 87 -20 2612 3035 90 325 0
22 34 28 96 -30 208 669 90 21 0
23 284 43 101 -10 828 1373 90 240 0
24 310 13 120 -20 2136 2730 90 154 0
25 352 26 107 -20 1444 1897 90 275 0
26 80 21 91 -10 1766 2339 90 357 0
27 405 42 100 -30 493 958 90 2 0
28 153 29 88 -30 2153 2744 90 370 0
29 237 25 102 -20 1259 1891 90 212 0
30 87 20 96 -20 1581 2153 90 151 0
31 158 23 102 -10 2254 2832 90 283 0
32 303 35 90 -10 2378 2893 90 260 0
33 76 74 91 -20 2978 3436 90 200 0
34 215 38 85 -20 2507 2954 90 226 0
35 318 52 79 -20 2965 3454 90 273 0
36 368 47 80 -10 2705 3335 90 261 0
37 207 34 89 -10 2248 2840 90 30 0
38 150 86 100 -10 3110 3589 90 396 0

